{
 "cells": [
  {
   "cell_type": "code",
   "execution_count": 91,
   "metadata": {},
   "outputs": [],
   "source": [
    "# numerical fun with Brady, Georgia and Markus USING JULIA\n",
    "# insert comments and notes in this cell"
   ]
  },
  {
   "cell_type": "code",
   "execution_count": 92,
   "metadata": {},
   "outputs": [],
   "source": [
    "using Pkg\n",
    "using PyPlot\n",
    "using Plots\n",
    "using Plotly\n",
    "using DelimitedFiles"
   ]
  },
  {
   "cell_type": "code",
   "execution_count": 93,
   "metadata": {},
   "outputs": [
    {
     "name": "stdout",
     "output_type": "stream",
     "text": [
      "tau = 1.0e-6\n",
      "h = 0.01\n"
     ]
    }
   ],
   "source": [
    "# define parameters\n",
    "\n",
    "# We solve the PDE on $[0,1]^2 \\times [0,T]$\n",
    "\n",
    "N = 100 + 1; # we assume M = N and the index for our spatial points goes 1,...,N, so 2,...,N-1 are the inner spatial points\n",
    "h = 1/(N-1); # spatial step size\n",
    "\n",
    "T = 0.1;\n",
    "N_time = 100000 + 1; # the index for our time points goes 1,...,N_time, so 2,...,N_time-1 are the inner time points\n",
    "tau = T/(N_time - 1); # temporal step size\n",
    "\n",
    "beta = 1; # we assume beta to be positive\n",
    "gamma = 1; # we assume gamma to be positive\n",
    "\n",
    "println(\"tau = \", tau)\n",
    "println(\"h = \", h)\n"
   ]
  },
  {
   "cell_type": "code",
   "execution_count": 94,
   "metadata": {},
   "outputs": [
    {
     "data": {
      "text/plain": [
       "v_0 (generic function with 1 method)"
      ]
     },
     "execution_count": 94,
     "metadata": {},
     "output_type": "execute_result"
    }
   ],
   "source": [
    "# define initial and coefficient functions for PDE\n",
    "\n",
    "function alpha(x,y)\n",
    "    \"\"\"alpha must be a continuous and strictly positive function on Omega = [0,1]^2 \"\"\"\n",
    "    \n",
    "    #val = (x-1)^2 + (y-1)^2 + 1\n",
    "    \n",
    "    val = 1\n",
    "    \n",
    "    return val\n",
    "    \n",
    "end\n",
    "\n",
    "function v_0(x,y)\n",
    "    \"\"\"initial function for v at t = 0. we assume that v_0 is C^1 on Omega = [0,1]^2\"\"\"\n",
    "    \n",
    "    val = (x-0.5)^2 + (y-0.5)^2\n",
    "    \n",
    "    #val = 1\n",
    "    \n",
    "    return val\n",
    "end\n",
    "    "
   ]
  },
  {
   "cell_type": "code",
   "execution_count": 95,
   "metadata": {},
   "outputs": [
    {
     "data": {
      "text/plain": [
       "plot_sol (generic function with 1 method)"
      ]
     },
     "execution_count": 95,
     "metadata": {},
     "output_type": "execute_result"
    }
   ],
   "source": [
    "# define auxiliary functions\n",
    "\n",
    "function cart_coord(m, n, t; h = h, tau = tau)\n",
    "    \"\"\"Get cartesian coordinates from indices\"\"\"\n",
    "    \n",
    "    x = h*(m-1)\n",
    "    y = h*(n-1)\n",
    "    tt = tau*(t-1)\n",
    "    \n",
    "    return (x,y,tt)\n",
    "end\n",
    "\n",
    "function plot_sol(S; h=h)\n",
    "    x = 0:h:1\n",
    "    y = x'\n",
    "    \n",
    "    z = S\n",
    "    surf(x,y,z)\n",
    "end"
   ]
  },
  {
   "cell_type": "code",
   "execution_count": 96,
   "metadata": {},
   "outputs": [
    {
     "data": {
      "text/plain": [
       "solve_pde (generic function with 1 method)"
      ]
     },
     "execution_count": 96,
     "metadata": {},
     "output_type": "execute_result"
    }
   ],
   "source": [
    "# define main function\n",
    "\n",
    "\n",
    "function solve_pde(;N = N, T = T, N_time = N_time, beta = beta, gamma = gamma, alpha = alpha, v_0 = v_0)\n",
    "    \n",
    "    # define spatial and temporal stepsize\n",
    "    h = 1/(N-1)\n",
    "    tau = T/(N_time - 1)\n",
    "    \n",
    "    # define list, will be filled with N_times matrices, each matrix corresponding to one spatial slice at constant t\n",
    "    pde_solution = []\n",
    "    \n",
    "        # compute solutions by stepping through time\n",
    "    for t = 1:N_time\n",
    "\n",
    "\n",
    "        # compute initial values at t = 0 via v_0\n",
    "        if t == 1\n",
    "            \n",
    "            S_current = zeros(N,N)\n",
    "            \n",
    "            for m = 1:N, n = 1:N\n",
    "                (x,y,tt) = cart_coord(m, n, t; h = h, tau = tau)              \n",
    "                S_current[m,n] = v_0(x,y)\n",
    "            end\n",
    "            \n",
    "            # store current solution\n",
    "            push!(pde_solution, S_current)\n",
    "        \n",
    "            \n",
    "        else\n",
    "            \n",
    "            \n",
    "            # compute inner spatial points for t = 2\n",
    "            \n",
    "            S_current = zeros(N,N)\n",
    "            S_old = pde_solution[t-1]\n",
    "            \n",
    "            for m = 2:N-1, n = 2:N-1\n",
    "                    \n",
    "                (x,y,tt) = cart_coord(m, n, t; h = h, tau = tau)\n",
    "                (x_plus,y_plus,tt) = cart_coord(m + 1, n + 1, t; h = h, tau = tau)\n",
    "                (x_minus, y_minus, tt) = cart_coord(m - 1, n - 1, t; h = h, tau = tau)\n",
    "                    \n",
    "                A = alpha(x,y)*(S_old[m+1,n] + S_old[m-1,n] - 4*S_old[m,n] + S_old[m,n+1] + S_old[m,n-1])\n",
    "                    \n",
    "                B = (1/4)*(alpha(x_plus,y) - alpha(x_minus,y))*(S_old[m+1,n] - S_old[m-1,n])\n",
    "                    \n",
    "                C = (1/4)*(alpha(x,y_plus) - alpha(x,y_minus))*(S_old[m,n+1]-S_old[m,n-1])\n",
    "                    \n",
    "                bracket = A + B + C\n",
    "                    \n",
    "                S_current[m,n] = S_old[m,n] + (tau/(gamma*(h^2))) * bracket\n",
    "                    \n",
    "            end\n",
    "            \n",
    "            \n",
    "            # compute boundary values using boundary condition\n",
    "            \n",
    "            for n = 2:N-1\n",
    "                (x,y,tt) = cart_coord(0, n, t; h = h, tau = tau)\n",
    "                S_current[1,n] = -(S_current[3,n] - 4*S_current[2,n])/(3 + (2*h*beta/alpha(0,y)))\n",
    "                S_current[N,n] = (4*S_current[N-1,n] - S_current[N-2,n])/(3 + (2*h*beta/alpha(1,y)))\n",
    "            end\n",
    "            \n",
    "            for m  = 2:N-1\n",
    "                (x,y,tt) = cart_coord(m, 0, t; h = h, tau = tau)\n",
    "                S_current[m,1] = -(S_current[m,3] - 4*S_current[m,2])/(3 + (2*h*beta/alpha(x,0)))\n",
    "                S_current[m,N] = (4*S_current[m,N-1] - S_current[m,N-2])/(3 + (2*h*beta/alpha(x,1)))\n",
    "            end\n",
    "            \n",
    "            \n",
    "            # compute values at the four corners averaging their three neighbours\n",
    "            \n",
    "            S_current[1,1] = (S_current[1,2] + S_current[2,1] + S_current[2,2])/3\n",
    "            S_current[1, N] = (S_current[2,N] + S_current[1,N-1] + S_current[2,N-1])/3\n",
    "            S_current[N,1] = (S_current[N-1,1] + S_current[N,2] + S_current[N-1,2])/3\n",
    "            S_current[N,N] = (S_current[N-1,N] + S_current[N,N-1] + S_current[N-1,N-1])/3         \n",
    "            \n",
    "            #store current solution\n",
    "            push!(pde_solution, S_current)\n",
    "            \n",
    "            \n",
    "            \n",
    "            \n",
    "        end\n",
    "    end\n",
    "\n",
    "    return pde_solution\n",
    "\n",
    "end"
   ]
  },
  {
   "cell_type": "code",
   "execution_count": null,
   "metadata": {},
   "outputs": [],
   "source": [
    "pde_solution = solve_pde(N = N, T = T, N_time = N_time, beta = beta, gamma = gamma, alpha = alpha, v_0 = v_0);"
   ]
  },
  {
   "cell_type": "code",
   "execution_count": 85,
   "metadata": {},
   "outputs": [
    {
     "name": "stdout",
     "output_type": "stream",
     "text": [
      "1\n",
      "[0.5 0.41000000000000003 0.33999999999999997 0.29 0.26 0.25 0.26 0.29000000000000004 0.34 0.41000000000000003 0.5; 0.41000000000000003 0.32000000000000006 0.25 0.2 0.17000000000000004 0.16000000000000003 0.17000000000000004 0.20000000000000007 0.25000000000000006 0.32000000000000006 0.41000000000000003; 0.33999999999999997 0.25 0.18 0.12999999999999998 0.09999999999999999 0.09 0.10000000000000002 0.13000000000000003 0.18000000000000002 0.25 0.33999999999999997; 0.29 0.2 0.12999999999999998 0.07999999999999996 0.049999999999999975 0.03999999999999998 0.049999999999999996 0.08000000000000002 0.13 0.2 0.29; 0.26 0.17000000000000004 0.09999999999999999 0.049999999999999975 0.01999999999999999 0.009999999999999995 0.02000000000000001 0.050000000000000024 0.10000000000000002 0.17000000000000004 0.26; 0.25 0.16000000000000003 0.09 0.03999999999999998 0.009999999999999995 0.0 0.010000000000000018 0.04000000000000003 0.09000000000000002 0.16000000000000003 0.25; 0.26 0.17000000000000004 0.10000000000000002 0.049999999999999996 0.02000000000000001 0.010000000000000018 0.020000000000000035 0.050000000000000044 0.10000000000000005 0.17000000000000004 0.26; 0.29000000000000004 0.20000000000000007 0.13000000000000003 0.08000000000000002 0.050000000000000024 0.04000000000000003 0.050000000000000044 0.08000000000000006 0.13000000000000006 0.20000000000000007 0.29000000000000004; 0.34 0.25000000000000006 0.18000000000000002 0.13 0.10000000000000002 0.09000000000000002 0.10000000000000005 0.13000000000000006 0.18000000000000005 0.25000000000000006 0.34; 0.41000000000000003 0.32000000000000006 0.25 0.2 0.17000000000000004 0.16000000000000003 0.17000000000000004 0.20000000000000007 0.25000000000000006 0.32000000000000006 0.41000000000000003; 0.5 0.41000000000000003 0.33999999999999997 0.29 0.26 0.25 0.26 0.29000000000000004 0.34 0.41000000000000003 0.5]\n",
      "2\n",
      "[0.3250833333333334 0.32562500000000005 0.26 0.213125 0.18500000000000003 0.17562500000000003 0.18500000000000005 0.21312500000000004 0.26000000000000006 0.32562500000000005 0.3250833333333334; 0.32562500000000005 0.32400000000000007 0.254 0.20400000000000001 0.17400000000000002 0.16400000000000003 0.17400000000000004 0.20400000000000004 0.25400000000000006 0.32400000000000007 0.32562500000000005; 0.26 0.254 0.184 0.13399999999999998 0.104 0.094 0.10400000000000002 0.13400000000000004 0.18400000000000002 0.254 0.25999999999999995; 0.213125 0.20400000000000001 0.13399999999999998 0.08399999999999996 0.05399999999999998 0.043999999999999984 0.054 0.08400000000000002 0.134 0.20400000000000001 0.213125; 0.18500000000000003 0.17400000000000002 0.104 0.05399999999999998 0.023999999999999987 0.013999999999999995 0.024000000000000007 0.05400000000000002 0.10400000000000002 0.17400000000000004 0.18500000000000005; 0.17562500000000003 0.16400000000000003 0.094 0.043999999999999984 0.013999999999999995 0.004000000000000001 0.014000000000000018 0.044000000000000025 0.09400000000000003 0.16400000000000003 0.175625; 0.18500000000000005 0.17400000000000004 0.10400000000000002 0.054 0.024000000000000007 0.014000000000000018 0.02400000000000003 0.05400000000000004 0.10400000000000005 0.17400000000000004 0.18500000000000003; 0.21312500000000006 0.20400000000000007 0.13400000000000004 0.08400000000000002 0.05400000000000002 0.044000000000000025 0.05400000000000004 0.08400000000000006 0.13400000000000006 0.20400000000000007 0.21312500000000004; 0.26000000000000006 0.25400000000000006 0.18400000000000002 0.134 0.10400000000000002 0.09400000000000003 0.10400000000000005 0.13400000000000006 0.18400000000000005 0.25400000000000006 0.26000000000000006; 0.32562500000000005 0.32400000000000007 0.254 0.20400000000000001 0.17400000000000004 0.16400000000000003 0.17400000000000004 0.20400000000000007 0.25400000000000006 0.32400000000000007 0.32562500000000005; 0.3250833333333334 0.32562500000000005 0.25999999999999995 0.213125 0.18500000000000005 0.175625 0.18500000000000003 0.21312500000000004 0.26000000000000006 0.32562500000000005 0.3250833333333334]\n",
      "3\n",
      "[0.3100458333333334 0.30990625000000005 0.25325 0.206765625 0.17887500000000003 0.16957812500000005 0.17887500000000006 0.20676562500000004 0.25325000000000003 0.30990625000000005 0.3100458333333334; 0.30990625000000005 0.3103250000000001 0.24960000000000002 0.19991250000000002 0.17010000000000003 0.16016250000000004 0.17010000000000006 0.19991250000000005 0.24960000000000004 0.3103250000000001 0.30990625000000005; 0.25325 0.24960000000000002 0.188 0.13799999999999998 0.108 0.098 0.10800000000000003 0.13800000000000004 0.18800000000000003 0.24960000000000002 0.25325; 0.206765625 0.19991250000000002 0.13799999999999998 0.08799999999999997 0.05799999999999998 0.04799999999999999 0.058 0.08800000000000002 0.138 0.19991250000000002 0.206765625; 0.17887500000000003 0.17010000000000003 0.108 0.05799999999999998 0.027999999999999987 0.017999999999999995 0.028000000000000008 0.058000000000000024 0.10800000000000003 0.17010000000000003 0.17887500000000003; 0.16957812500000005 0.16016250000000004 0.098 0.04799999999999999 0.017999999999999995 0.008000000000000002 0.018000000000000016 0.04800000000000003 0.09800000000000003 0.16016250000000004 0.16957812500000002; 0.17887500000000006 0.17010000000000006 0.10800000000000003 0.058 0.028000000000000008 0.018000000000000016 0.028000000000000032 0.05800000000000004 0.10800000000000004 0.17010000000000006 0.17887500000000006; 0.2067656250000001 0.19991250000000008 0.13800000000000004 0.08800000000000002 0.05800000000000002 0.04800000000000002 0.05800000000000004 0.08800000000000005 0.13800000000000007 0.19991250000000008 0.2067656250000001; 0.25325000000000003 0.24960000000000007 0.18800000000000003 0.138 0.10800000000000003 0.09800000000000003 0.10800000000000005 0.13800000000000007 0.18800000000000006 0.24960000000000007 0.25325000000000003; 0.30990625000000005 0.3103250000000001 0.24960000000000002 0.19991250000000002 0.17010000000000003 0.16016250000000004 0.17010000000000006 0.19991250000000008 0.24960000000000007 0.3103250000000001 0.30990625000000005; 0.3100458333333334 0.30990625000000005 0.25325 0.206765625 0.17887500000000003 0.16957812500000002 0.17887500000000003 0.2067656250000001 0.25325000000000003 0.30990625000000005 0.3100458333333334]\n",
      "4\n",
      "[0.2967563020833334 0.2960863281250001 0.24666093750000007 0.2013703125 0.17369062500000004 0.16446406250000004 0.17369062500000004 0.20137031250000006 0.2466609375 0.2960863281250001 0.2967563020833334; 0.2960863281250001 0.29809625000000006 0.24490875000000004 0.19639406250000002 0.16675500000000004 0.15687531250000003 0.16675500000000004 0.19639406250000005 0.24490875000000004 0.29809625000000006 0.2960863281250001; 0.24666093749999998 0.24490875 0.19032 0.14119125 0.11121 0.10121625000000001 0.11121000000000003 0.14119125000000005 0.19032000000000002 0.24490875000000004 0.2466609375; 0.2013703125 0.19639406250000002 0.14119125 0.09199999999999997 0.061999999999999986 0.05199999999999999 0.062000000000000006 0.09200000000000003 0.14119125000000002 0.19639406250000002 0.2013703125; 0.173690625 0.16675500000000001 0.11121 0.061999999999999986 0.03199999999999999 0.021999999999999995 0.03200000000000001 0.06200000000000003 0.11121000000000003 0.16675500000000001 0.173690625; 0.16446406250000004 0.15687531250000003 0.10121625000000001 0.05199999999999999 0.021999999999999995 0.012000000000000004 0.022000000000000016 0.052000000000000025 0.10121625000000004 0.15687531250000003 0.16446406250000004; 0.17369062500000007 0.16675500000000007 0.11121000000000003 0.062000000000000006 0.03200000000000001 0.022000000000000013 0.03200000000000003 0.062000000000000034 0.11121000000000004 0.16675500000000007 0.17369062500000007; 0.20137031250000006 0.19639406250000008 0.14119125000000005 0.09200000000000003 0.06200000000000002 0.052000000000000025 0.06200000000000004 0.09200000000000005 0.14119125000000007 0.19639406250000008 0.20137031250000006; 0.24666093750000007 0.24490875000000006 0.19032000000000002 0.14119125000000002 0.11121000000000003 0.10121625000000004 0.11121000000000004 0.14119125000000007 0.19032000000000007 0.24490875000000006 0.24666093750000007; 0.2960863281250001 0.29809625000000006 0.24490875000000004 0.19639406250000002 0.16675500000000004 0.15687531250000003 0.16675500000000007 0.19639406250000008 0.24490875000000006 0.29809625000000006 0.2960863281250001; 0.2967563020833334 0.2960863281250001 0.2466609375 0.2013703125 0.17369062500000004 0.16446406250000004 0.17369062500000007 0.20137031250000006 0.24666093750000007 0.2960863281250001 0.2967563020833334]\n",
      "5\n",
      "[0.2848803151041667 0.28379208984375004 0.24029921875000004 0.19666522460937505 0.16926179687500004 0.160099248046875 0.16926179687500004 0.19666522460937505 0.24029921875000002 0.28379208984375004 0.2848803151041667; 0.28379208984375004 0.28705676562500004 0.24009237500000005 0.19325896875000004 0.16387000000000004 0.15404421875000002 0.16387000000000004 0.19325896875000007 0.24009237500000002 0.28705676562500004 0.28379208984375004; 0.24029921875000002 0.24009237500000002 0.191412 0.14370715625 0.11384225 0.10385928125 0.11384225000000003 0.14370715625000005 0.19141200000000003 0.24009237500000002 0.24029921875000002; 0.19666522460937502 0.19325896875 0.14370715625 0.09583824999999997 0.065921 0.055921624999999996 0.06592100000000001 0.09583825000000003 0.14370715625000002 0.19325896875 0.19666522460937502; 0.169261796875 0.16387000000000002 0.11384225 0.06592099999999998 0.03599999999999999 0.025999999999999995 0.036000000000000004 0.06592100000000002 0.11384225000000003 0.16387000000000002 0.169261796875; 0.16009924804687506 0.15404421875000004 0.10385928125 0.055921624999999996 0.025999999999999995 0.016000000000000004 0.026000000000000016 0.05592162500000002 0.10385928125000003 0.15404421875000004 0.16009924804687506; 0.16926179687500006 0.16387000000000007 0.11384225000000003 0.06592100000000001 0.036000000000000004 0.026000000000000013 0.036000000000000025 0.06592100000000004 0.11384225000000005 0.16387000000000007 0.16926179687500006; 0.19666522460937505 0.19325896875000007 0.14370715625000005 0.09583825000000003 0.06592100000000002 0.05592162500000002 0.06592100000000004 0.09583825000000006 0.14370715625000008 0.19325896875000007 0.19666522460937505; 0.24029921875000004 0.24009237500000005 0.19141200000000003 0.14370715625000002 0.11384225000000003 0.10385928125000003 0.11384225000000005 0.14370715625000008 0.19141200000000005 0.24009237500000008 0.24029921875000007; 0.28379208984375004 0.28705676562500004 0.24009237500000002 0.19325896875000004 0.16387000000000004 0.15404421875000004 0.16387000000000007 0.19325896875000007 0.24009237500000005 0.28705676562500004 0.28379208984375004; 0.2848803151041667 0.28379208984375004 0.24029921875000002 0.19666522460937502 0.16926179687500004 0.16009924804687506 0.16926179687500006 0.19666522460937505 0.24029921875000004 0.28379208984375 0.2848803151041667]\n",
      "6\n"
     ]
    },
    {
     "name": "stdout",
     "output_type": "stream",
     "text": [
      "[0.27416733600260423 0.2727455278320313 0.23419542968750004 0.1924674958496094 0.1654405625 0.15634529174804687 0.16544056250000003 0.19246749584960943 0.23419542968750004 0.2727455278320313 0.27416733600260423; 0.2727455278320313 0.27701095234375006 0.23525812031250004 0.19038885683593754 0.16136272343750002 0.15159638417968752 0.16136272343750005 0.19038885683593756 0.23525812031250004 0.27701095234375006 0.2727455278320313; 0.23419542968750004 0.23525812031250004 0.19160710625 0.145659440625 0.11604109375 0.106080603125 0.11604109375000003 0.14565944062500005 0.19160710625000002 0.23525812031250004 0.23419542968750004; 0.19246749584960937 0.1903888568359375 0.145659440625 0.09942858124999998 0.0697128125 0.059723103124999996 0.06971281250000001 0.09942858125000002 0.14565944062500003 0.1903888568359375 0.19246749584960937; 0.1654405625 0.16136272343750002 0.11604109375 0.06971281249999998 0.03998419999999999 0.029992162499999996 0.039984200000000004 0.06971281250000003 0.11604109375000003 0.16136272343750002 0.1654405625; 0.15634529174804693 0.15159638417968754 0.106080603125 0.059723103124999996 0.029992162499999996 0.020000000000000004 0.029992162500000016 0.059723103125000024 0.10608060312500003 0.15159638417968754 0.15634529174804693; 0.16544056250000008 0.16136272343750008 0.11604109375000003 0.06971281250000001 0.039984200000000004 0.029992162500000013 0.039984200000000025 0.06971281250000004 0.11604109375000005 0.16136272343750008 0.16544056250000008; 0.19246749584960943 0.19038885683593756 0.14565944062500005 0.09942858125000002 0.06971281250000003 0.059723103125000024 0.06971281250000004 0.09942858125000005 0.14565944062500008 0.19038885683593756 0.1924674958496094; 0.23419542968750004 0.23525812031250004 0.19160710625000002 0.14565944062500003 0.11604109375000003 0.10608060312500003 0.11604109375000005 0.14565944062500008 0.19160710625000005 0.23525812031250007 0.23419542968750004; 0.2727455278320313 0.27701095234375006 0.23525812031250004 0.19038885683593754 0.16136272343750005 0.15159638417968754 0.16136272343750008 0.19038885683593756 0.23525812031250004 0.27701095234375006 0.2727455278320313; 0.27416733600260423 0.2727455278320313 0.23419542968750004 0.1924674958496094 0.16544056250000003 0.15634529174804693 0.16544056250000008 0.1924674958496094 0.23419542968750004 0.2727455278320313 0.27416733600260423]\n",
      "7\n",
      "[0.26442620397867844 0.26273565545043953 0.22836020339355473 0.1886531688476563 0.16210971279296874 0.1530947904296875 0.16210971279296876 0.18865316884765632 0.22836020339355473 0.26273565545043953 0.26442620397867844; 0.26273565545043953 0.2678073010351563 0.23047510669921878 0.18770809212402348 0.1591643237890625 0.1494729646826172 0.15916432378906253 0.1877080921240235 0.2304751066992188 0.2678073010351563 0.26273565545043953; 0.22836020339355473 0.23047510669921878 0.19114777593750001 0.14714222818359374 0.11790621421875 0.10798852935546877 0.11790621421875003 0.1471422281835938 0.19114777593750004 0.23047510669921878 0.22836020339355473; 0.1886531688476563 0.18770809212402345 0.14714222818359374 0.10273159937499998 0.0733453853125 0.0633837009375 0.07334538531250001 0.10273159937500002 0.14714222818359377 0.18770809212402345 0.18865316884765623; 0.16210971279296874 0.1591643237890625 0.11790621421875001 0.07334538531249998 0.04393151499999999 0.03396444781249999 0.043931515000000004 0.07334538531250002 0.11790621421875003 0.15916432378906253 0.16210971279296876; 0.15309479042968754 0.14947296468261723 0.10798852935546877 0.0633837009375 0.03396444781249999 0.023996865000000003 0.033964447812500013 0.06338370093750002 0.10798852935546878 0.14947296468261723 0.15309479042968754; 0.16210971279296882 0.15916432378906256 0.11790621421875003 0.07334538531250001 0.043931515000000004 0.033964447812500013 0.043931515000000025 0.07334538531250004 0.11790621421875006 0.15916432378906256 0.16210971279296882; 0.18865316884765632 0.1877080921240235 0.1471422281835938 0.10273159937500002 0.07334538531250002 0.06338370093750002 0.07334538531250004 0.10273159937500005 0.14714222818359382 0.1877080921240235 0.18865316884765632; 0.22836020339355473 0.23047510669921878 0.19114777593750001 0.14714222818359377 0.11790621421875003 0.10798852935546878 0.11790621421875006 0.14714222818359382 0.19114777593750007 0.2304751066992188 0.22836020339355473; 0.26273565545043953 0.2678073010351563 0.23047510669921878 0.18770809212402348 0.15916432378906253 0.14947296468261723 0.15916432378906256 0.1877080921240235 0.2304751066992188 0.2678073010351563 0.26273565545043953; 0.26442620397867844 0.26273565545043953 0.22836020339355473 0.1886531688476563 0.16210971279296876 0.15309479042968754 0.16210971279296882 0.18865316884765632 0.22836020339355473 0.26273565545043953 0.26442620397867844]\n",
      "8\n",
      "[0.2555085799619141 0.25359960341735843 0.22279296016723635 0.18513707719680791 0.15917668607055666 0.15026246098892213 0.15917668607055668 0.18513707719680791 0.22279296016723635 0.2535996034173584 0.25550857996191406; 0.2535996034173584 0.25932653305102543 0.22578740126855473 0.18516833802636723 0.15721829265527346 0.14762497554589846 0.15721829265527348 0.18516833802636726 0.22578740126855473 0.25932653305102543 0.2535996034173584; 0.22279296016723632 0.2257874012685547 0.19021213253906252 0.1482347050756836 0.1195077751953125 0.10966002701904298 0.11950777519531253 0.14823470507568365 0.19021213253906255 0.22578740126855473 0.22279296016723635; 0.18513707719680786 0.1851683380263672 0.1482347050756836 0.10573648232421873 0.07680253414062499 0.06689459534179687 0.07680253414062502 0.10573648232421877 0.14823470507568362 0.1851683380263672 0.18513707719680786; 0.15917668607055666 0.15721829265527346 0.11950777519531251 0.07680253414062499 0.04782087562499999 0.037903028281249994 0.04782087562500001 0.07680253414062502 0.11950777519531253 0.15721829265527346 0.15917668607055666; 0.15026246098892215 0.14762497554589848 0.10966002701904298 0.06689459534179687 0.037903028281249994 0.027983898125000004 0.037903028281250015 0.0668945953417969 0.109660027019043 0.14762497554589848 0.15026246098892215; 0.15917668607055668 0.15721829265527348 0.11950777519531253 0.07680253414062502 0.04782087562500001 0.037903028281250015 0.04782087562500002 0.07680253414062505 0.11950777519531255 0.1572182926552735 0.1591766860705567; 0.18513707719680794 0.18516833802636726 0.14823470507568362 0.10573648232421877 0.07680253414062502 0.0668945953417969 0.07680253414062505 0.1057364823242188 0.14823470507568365 0.18516833802636726 0.18513707719680791; 0.22279296016723635 0.22578740126855473 0.19021213253906252 0.14823470507568362 0.11950777519531253 0.109660027019043 0.11950777519531255 0.14823470507568365 0.19021213253906258 0.22578740126855476 0.2227929601672364; 0.2535996034173584 0.25932653305102543 0.22578740126855473 0.18516833802636723 0.15721829265527348 0.14762497554589848 0.15721829265527348 0.18516833802636726 0.22578740126855473 0.25932653305102543 0.2535996034173584; 0.25550857996191406 0.2535996034173584 0.22279296016723635 0.18513707719680791 0.15917668607055668 0.15026246098892215 0.15917668607055668 0.18513707719680791 0.22279296016723635 0.2535996034173584 0.25550857996191406]\n",
      "9\n"
     ]
    },
    {
     "name": "stdout",
     "output_type": "stream",
     "text": [
      "[0.24729753315836792 0.24520963935365298 0.21748688992678836 0.18185990808996969 0.15656837228176881 0.1477793882182198 0.15656837228176887 0.18185990808996969 0.21748688992678836 0.24520963935365298 0.24729753315836792; 0.24520963935365298 0.2514733207677979 0.221222437139502 0.18273875043545232 0.15547875307697756 0.1460108926593903 0.1554787530769776 0.18273875043545232 0.22122243713950202 0.2514733207677979 0.24520963935365298; 0.21748688992678833 0.22122243713950196 0.1889317007922852 0.14900329585390626 0.12089622100625 0.11114952833925783 0.12089622100625003 0.1490032958539063 0.18893170079228522 0.221222437139502 0.21748688992678836; 0.18185990808996966 0.1827387504354523 0.14900329585390626 0.10844933723779296 0.0800774933330078 0.07025356956323242 0.08007749333300783 0.10844933723779299 0.1490032958539063 0.1827387504354523 0.18185990808996966; 0.15656837228176881 0.15547875307697756 0.12089622100625001 0.0800774933330078 0.05163363785937499 0.041793841440429684 0.05163363785937501 0.08007749333300783 0.12089622100625003 0.15547875307697756 0.1565683722817688; 0.1477793882182198 0.1460108926593903 0.11114952833925783 0.07025356956323242 0.041793841440429684 0.031951550187500004 0.041793841440429705 0.07025356956323245 0.11114952833925784 0.1460108926593903 0.1477793882182198; 0.15656837228176887 0.1554787530769776 0.12089622100625003 0.08007749333300783 0.05163363785937501 0.041793841440429705 0.051633637859375026 0.08007749333300786 0.12089622100625005 0.15547875307697762 0.15656837228176887; 0.1818599080899697 0.18273875043545235 0.1490032958539063 0.10844933723779299 0.08007749333300783 0.07025356956323245 0.08007749333300786 0.10844933723779301 0.14900329585390631 0.18273875043545235 0.1818599080899697; 0.21748688992678838 0.22122243713950202 0.1889317007922852 0.1490032958539063 0.12089622100625003 0.11114952833925784 0.12089622100625005 0.14900329585390631 0.18893170079228522 0.22122243713950202 0.21748688992678836; 0.24520963935365298 0.2514733207677979 0.221222437139502 0.18273875043545232 0.1554787530769776 0.1460108926593903 0.1554787530769776 0.18273875043545232 0.22122243713950202 0.2514733207677979 0.24520963935365298; 0.24729753315836792 0.24520963935365298 0.21748688992678836 0.18185990808996969 0.15656837228176887 0.1477793882182198 0.15656837228176881 0.18185990808996966 0.21748688992678836 0.24520963935365298 0.24729753315836792]\n",
      "10\n",
      "[0.23969953228670848 0.23746409455040787 0.21243185838427547 0.1787797438280331 0.15422689446057056 0.14558915751251336 0.15422689446057058 0.17877974382803313 0.21243185838427547 0.23746409455040793 0.2396995322867085; 0.23746409455040787 0.2441704077593097 0.21679652847593356 0.18039968967730693 0.15390867548447268 0.14459517786677745 0.1539086754844727 0.18039968967730696 0.2167965284759336 0.24417040775930973 0.23746409455040793; 0.21243185838427547 0.21679652847593356 0.18740416707405275 0.1495035784595218 0.12210863966406495 0.11249540742706697 0.12210863966406496 0.14950357845952184 0.1874041670740528 0.21679652847593356 0.21243185838427542; 0.17877974382803308 0.1803996896773069 0.1495035784595218 0.11088576018005858 0.08316977256646972 0.07346197738250977 0.08316977256646975 0.1108857601800586 0.14950357845952184 0.18039968967730693 0.17877974382803308; 0.15422689446057056 0.15390867548447268 0.12210863966406495 0.08316977256646972 0.05535444967031249 0.04562354441120605 0.055354449670312514 0.08316977256646975 0.12210863966406496 0.15390867548447268 0.15422689446057056; 0.14558915751251336 0.14459517786677745 0.11249540742706697 0.07346197738250977 0.04562354441120605 0.03588846668867188 0.04562354441120607 0.07346197738250979 0.11249540742706698 0.14459517786677745 0.14558915751251336; 0.15422689446057056 0.1539086754844727 0.12210863966406497 0.08316977256646974 0.055354449670312514 0.04562354441120607 0.05535444967031253 0.08316977256646976 0.12210863966406499 0.15390867548447273 0.1542268944605706; 0.17877974382803313 0.18039968967730696 0.14950357845952184 0.1108857601800586 0.08316977256646975 0.07346197738250979 0.08316977256646976 0.11088576018005863 0.14950357845952184 0.18039968967730696 0.17877974382803313; 0.21243185838427547 0.2167965284759336 0.18740416707405277 0.14950357845952184 0.12210863966406497 0.11249540742706698 0.12210863966406499 0.14950357845952184 0.1874041670740528 0.2167965284759336 0.21243185838427547; 0.23746409455040793 0.24417040775930973 0.21679652847593356 0.18039968967730693 0.1539086754844727 0.14459517786677745 0.1539086754844727 0.18039968967730696 0.2167965284759336 0.24417040775930973 0.23746409455040793; 0.2396995322867085 0.23746409455040793 0.21243185838427547 0.17877974382803308 0.15422689446057056 0.14558915751251336 0.15422689446057056 0.17877974382803313 0.21243185838427547 0.23746409455040793 0.2396995322867085]\n",
      "11\n",
      "[0.23263873718452674 0.23028092114636306 0.20761612370896743 0.17586646655920615 0.15210626707438446 0.14364515791552948 0.1521062670743845 0.1758664665592062 0.20761612370896745 0.2302809211463631 0.23263873718452677; 0.23028092114636306 0.2373543692608541 0.2125185293750546 0.1781386664311803 0.1524782454575556 0.14334729831091905 0.15247824545755562 0.17813866643118031 0.21251852937505467 0.23735436926085415 0.2302809211463631; 0.20761612370896743 0.2125185293750546 0.18570252163152273 0.1497819727352614 0.12317292719219208 0.1137246879139819 0.1231729271921921 0.14978197273526145 0.18570252163152276 0.21251852937505464 0.20761612370896743; 0.17586646655920612 0.17813866643118026 0.1497819727352614 0.11306612631323346 0.08608294622957641 0.07652303612662711 0.08608294622957643 0.11306612631323348 0.14978197273526142 0.1781386664311803 0.17586646655920615; 0.15210626707438446 0.1524782454575556 0.12317292719219208 0.08608294622957641 0.05897133319772265 0.049380060987904296 0.05897133319772267 0.08608294622957643 0.1231729271921921 0.1524782454575556 0.15210626707438446; 0.14364515791552948 0.14334729831091905 0.1137246879139819 0.07652303612662711 0.049380060987904296 0.03978249777768555 0.04938006098790431 0.07652303612662713 0.11372468791398191 0.14334729831091905 0.14364515791552945; 0.1521062670743845 0.15247824545755562 0.12317292719219211 0.08608294622957643 0.058971333197722665 0.04938006098790431 0.05897133319772268 0.08608294622957645 0.12317292719219212 0.15247824545755564 0.15210626707438452; 0.1758664665592062 0.17813866643118031 0.14978197273526142 0.11306612631323348 0.08608294622957643 0.07652303612662713 0.08608294622957645 0.1130661263132335 0.14978197273526145 0.17813866643118031 0.1758664665592062; 0.20761612370896743 0.21251852937505464 0.18570252163152276 0.14978197273526142 0.12317292719219211 0.11372468791398191 0.12317292719219212 0.14978197273526145 0.18570252163152276 0.21251852937505464 0.20761612370896743; 0.2302809211463631 0.23735436926085415 0.21251852937505464 0.1781386664311803 0.15247824545755562 0.14334729831091905 0.15247824545755562 0.17813866643118031 0.21251852937505467 0.23735436926085415 0.2302809211463631; 0.23263873718452677 0.2302809211463631 0.20761612370896743 0.17586646655920615 0.1521062670743845 0.14364515791552945 0.15210626707438446 0.1758664665592062 0.20761612370896745 0.2302809211463631 0.23263873718452677]\n",
      "12\n",
      "[0.22605287074420255 0.22359305028590584 0.20302735297255126 0.17309802415240438 0.15016978473520343 0.14190863094171016 0.15016978473520345 0.1730980241524044 0.2030273529725513 0.2235930502859059 0.22605287074420263; 0.22359305028590584 0.230972511660796 0.20839228572828522 0.17594772127141595 0.15116346317540094 0.1422410126610137 0.15116346317540097 0.17594772127141597 0.20839228572828528 0.23097251166079605 0.2235930502859059; 0.20302735297255126 0.20839228572828522 0.18388161340097683 0.1498772077979697 0.12411054154895278 0.11485643163058216 0.12411054154895279 0.14987720779796973 0.18388161340097686 0.20839228572828525 0.20302735297255128; 0.17309802415240438 0.17594772127141592 0.14987720779796967 0.11501265958090763 0.08882311002072338 0.07944088581208017 0.08882311002072339 0.11501265958090766 0.1498772077979697 0.17594772127141595 0.17309802415240438; 0.15016978473520343 0.15116346317540094 0.12411054154895278 0.08882311002072338 0.06247540136212973 0.05305285662271838 0.06247540136212975 0.0888231100207234 0.12411054154895279 0.15116346317540094 0.15016978473520343; 0.14190863094171016 0.1422410126610137 0.11485643163058218 0.07944088581208017 0.05305285662271837 0.04362152306177305 0.053052856622718386 0.07944088581208018 0.11485643163058218 0.1422410126610137 0.14190863094171016; 0.15016978473520345 0.15116346317540097 0.1241105415489528 0.08882311002072339 0.06247540136212974 0.053052856622718386 0.06247540136212976 0.0888231100207234 0.12411054154895282 0.151163463175401 0.15016978473520348; 0.1730980241524044 0.17594772127141597 0.14987720779796973 0.11501265958090766 0.08882311002072339 0.07944088581208018 0.0888231100207234 0.11501265958090767 0.14987720779796973 0.17594772127141597 0.1730980241524044; 0.20302735297255128 0.20839228572828525 0.18388161340097686 0.14987720779796973 0.1241105415489528 0.11485643163058218 0.12411054154895282 0.14987720779796973 0.1838816134009769 0.20839228572828525 0.20302735297255128; 0.2235930502859059 0.23097251166079605 0.20839228572828525 0.17594772127141595 0.15116346317540097 0.1422410126610137 0.15116346317540097 0.17594772127141597 0.20839228572828528 0.23097251166079605 0.2235930502859059; 0.22605287074420263 0.2235930502859059 0.20302735297255128 0.17309802415240438 0.15016978473520345 0.14190863094171016 0.15016978473520343 0.1730980241524044 0.2030273529725513 0.2235930502859059 0.22605287074420263]\n",
      "13\n"
     ]
    },
    {
     "name": "stdout",
     "output_type": "stream",
     "text": [
      "[0.2198901925309632 0.21734500169678692 0.19865321835135732 0.17045792035437976 0.14838799672367414 0.14034720900631917 0.14838799672367417 0.17045792035437976 0.19865321835135738 0.21734500169678694 0.21989019253096323; 0.21734500169678692 0.2249805741993158 0.20441829136754514 0.17382173084825558 0.14994498392689914 0.14125380648891764 0.14994498392689917 0.1738217308482556 0.2044182913675452 0.22498057419931586 0.21734500169678694; 0.19865321835135732 0.20441829136754514 0.18198286674583708 0.14982157825900713 0.12493834619183929 0.11590415713544924 0.1249383461918393 0.14982157825900716 0.1819828667458371 0.20441829136754516 0.19865321835135735; 0.17045792035437976 0.17382173084825558 0.14982157825900713 0.11674765931228319 0.09139781484284105 0.08222008231672283 0.09139781484284107 0.11674765931228322 0.14982157825900716 0.17382173084825558 0.17045792035437976; 0.14838799672367414 0.14994498392689914 0.12493834619183929 0.09139781484284105 0.06586043414596619 0.0566330351334423 0.0658604341459662 0.09139781484284108 0.1249383461918393 0.14994498392689914 0.14838799672367414; 0.14034720900631914 0.14125380648891764 0.11590415713544926 0.08222008231672283 0.05663303513344229 0.04739405648615118 0.056633035133442304 0.08222008231672284 0.11590415713544926 0.14125380648891764 0.14034720900631914; 0.14838799672367417 0.14994498392689917 0.12493834619183931 0.09139781484284107 0.06586043414596619 0.056633035133442304 0.0658604341459662 0.09139781484284108 0.12493834619183931 0.1499449839268992 0.1483879967236742; 0.17045792035437976 0.1738217308482556 0.14982157825900716 0.11674765931228322 0.09139781484284107 0.08222008231672284 0.09139781484284108 0.11674765931228323 0.1498215782590072 0.1738217308482556 0.17045792035437976; 0.19865321835135735 0.20441829136754516 0.1819828667458371 0.14982157825900716 0.12493834619183931 0.11590415713544926 0.12493834619183931 0.1498215782590072 0.18198286674583714 0.20441829136754516 0.19865321835135735; 0.21734500169678694 0.22498057419931586 0.20441829136754516 0.1738217308482556 0.14994498392689917 0.14125380648891764 0.14994498392689917 0.1738217308482556 0.2044182913675452 0.22498057419931586 0.21734500169678694; 0.21989019253096323 0.21734500169678694 0.19865321835135735 0.17045792035437976 0.14838799672367417 0.14034720900631914 0.14838799672367417 0.17045792035437976 0.19865321835135735 0.21734500169678694 0.21989019253096323]\n",
      "14\n",
